Aaroninos,12
Aaron Crawford
// Name : Position : Height : Weight : WingSpan : Fatigue : Max Fatigue : Vertical : Speed : Strength : midRange : pullupMidRange : threePoint : pullupThreePoint : drivingLayup : dunkingAbility : freethrowShooting : passing : ballHandling : Defense : rebound
Clinton,PG,72,72,72,93,94,94,86,54,97,63,91,75,70,72,82,69,78,64,75,93
Aamir,PG,77,69,77,92,66,66,52,72,73,90,84,52,84,70,67,51,83,80,96,92
Aaron,PG,68,72,68,92,61,61,97,94,67,83,85,68,54,90,70,72,93,79,54,92
Abbey,PG,73,69,73,54,96,96,73,82,91,70,70,50,77,73,74,89,66,60,93,54
Abbie,PG,70,72,70,78,71,71,78,93,74,54,98,84,86,96,55,89,63,82,78,78
Abbot,PG,77,77,77,61,67,67,62,83,56,76,81,90,59,80,76,76,80,73,84,61
Abbott,PG,77,69,77,57,87,87,67,86,54,93,83,88,82,81,84,65,56,72,94,57
Abby,PG,72,68,72,66,58,58,72,52,66,87,54,88,73,66,98,56,81,74,74,66
Abdel,PG,77,73,77,69,78,78,66,90,77,73,67,60,50,54,95,67,87,79,80,69
Abdul,PG,77,74,77,62,63,63,53,71,73,92,59,70,61,74,52,67,82,55,87,62
Abdulkarim,PG,71,69,71,53,85,85,86,78,95,86,56,73,79,95,63,63,59,55,77,53
Abdullah,PG,67,67,67,52,94,94,88,84,68,60,93,82,74,91,71,88,57,53,69,52
