Karinos,12
Karen Lindner
// Name : Position : Height : Weight : WingSpan : Fatigue : Max Fatigue : Vertical : Speed : Strength : midRange : pullupMidRange : threePoint : pullupThreePoint : drivingLayup : dunkingAbility : freethrowShooting : passing : ballHandling : Defense : rebound
Collin,PG,72,72,72,83,60,60,90,55,76,62,59,67,63,67,98,78,54,88,62,83
Travis,PG,72,72,72,81,55,55,75,87,77,57,92,76,65,70,65,78,77,60,82,81
Bob,PG,73,72,73,80,95,95,63,57,94,58,91,82,99,72,81,76,55,78,74,80
Micheal,PG,72,67,72,53,80,80,97,55,85,98,67,69,57,80,76,52,93,61,69,53
Trevor,PG,67,75,67,79,91,91,71,57,91,97,66,77,73,79,74,50,51,97,94,79
James,PG,77,77,77,91,57,57,64,57,66,79,58,69,79,92,87,93,86,94,69,91
Kevin,PG,71,73,71,99,93,93,73,91,99,91,73,53,74,96,68,85,72,93,98,99
Stephon,PG,75,69,75,81,77,77,55,98,82,96,99,59,82,86,85,80,72,60,88,81
Luke,PG,70,72,70,57,97,97,88,78,63,64,94,69,79,68,58,58,76,50,91,57
Damian,PG,71,77,71,81,97,97,75,94,59,84,89,82,95,74,92,68,95,96,72,81
Jimmy,PG,73,73,73,84,52,52,69,73,94,94,68,58,78,80,93,97,53,61,55,84
Duncan,PG,75,68,75,68,73,73,52,83,86,97,58,98,53,51,68,59,70,63,82,68
